S1	S2	S3	S4	S5	S6	S7	S8	S9	S10	S11	S12	S13	S14	S15	S16	S17	S18	S19	S20
G1	8.8492487027644	9.58796498888268	8.87713072876566	9.0824151966984	9.37438746400546	8.48864353985378	8.43087066354815	9.90583824675904	9.26115467261557	9.6386169183243	10.0590740146636	9.60862445944877	9.25856603388993	9.17442639367725	9.32373033752135	8.70908381255034	9.2053045315602	9.40620500541885	10.2104278304015	9.99265514938683
G2	9.13903966768306	9.54641219511935	9.70735913208088	9.51471405413849	9.07788386443832	9.35391870347623	9.5349836971965	8.81008958482602	8.35380846047454	9.17592374206376	9.41204051455165	8.98113911895555	9.31344994096306	9.71209705108755	9.92777796208234	9.28239346898991	9.30720080914081	9.37959497168707	8.88172579064223	9.34950239929786
G3	9.8811139606751	11.3570845924818	10.2705873404475	9.64385618977473	10.3775901370322	11.1239273881726	10.553581299271	9.43348112103469	9.79303424690558	9.71776209124972	10.1369911120802	10.4682676522086	9.6000057963472	9.9607983811335	10.0279059965699	9.27146302790437	10.4614794472862	9.32676652603071	11.0274568118145	11.0572810271969
G4	7.02901108665907	7.22496636500027	7.64313466185726	7.61618123133188	7.32508054355428	7.60177078840771	105	105	7.83383884355829	7.50660511556825	7.54264498688628	8.20969704353526	7.40981519582048	7.71630503984442	7.63299519714296	7.73538678289534	7.8369971089196	7.66249036391378	8.30583375751525	7.60473853445992
G5	10.3339379957583	10.2403143293337	10.382083590142	9.96708212625773	10.4157417682901	10.1269625347419	10.0744090993437	9.19869058566892	9.80445373565528	10.3110671022556	10.2582126775488	10.765534746363	10.1714270266075	10.7380922596205	10.2592724870376	9.50700173276412	10.2022462885002	10.2808867377398	10.5607149544745	10.1706762094993
G6	5.81506301719287	4.91169158187234	6.15987133677839	5.74953426766926	5.94953493301701	3.56071495447448	4.93073733756289	5.97269265400426	5.38887833881199	4.82781902461732	6.2364926183813	5.5453506448223	4.46597446450407	5.28169825009883	4.53605290024021	5.20554891117303	4.8073549220576	5.49185309632967	4.96347412397489	4.98641093525204
G7	8.43212427264156	11.0389189892923	7.66426949231891	9.33091687811462	11.4038641766068	6.96116025813664	7.71183901995903	8.79814774561039	8.18982455888002	6.86108690599539	9.0728025345442	8.40917875950067	10.7011764835774	9.19216950193247	7.62643913669732	7.4655664048094	10.3623274182105	8.63244999525669	9.4157417682901	8.95041008927126
G8	5.5188498287077	5.03562390973072	4.96347412397489	4.36457243229586	5.4178525148859	4.11270013274936	5.37155886261196	7.5980525001616	6.80606622608903	6.16289479937478	6.06824086131282	6.31288295528436	5.52512925120397	5.5453506448223	4.21334728173344	5.61323695471633	4.98185265328974	4.5909612413426	6.25550073314839	5.99774402605963
G9	6.68790052248075	7.31876874268273	6.94485844580754	7.2465030982801	7.6854496384339	7.16591193893569	8.03011533090807	8.94515117078387	7.91079261307751	7.73741636593706	7.60917873814198	8.24412594328373	7.7279204545632	8.1405741777099	8.02707662314038	7.09275714091985	7.27146302790437	8.06204613772049	7.36018867006271	6.2667865406949
G10	9.82041832779597	9.77421052516675	9.99265514938683	9.65365122316224	9.53284291096128	9.46505616783118	9.44956137461324	10.1997336826073	10.2539065621988	9.68132627116341	9.89246692327728	9.6601742120694	9.65705043180037	9.92325319436941	9.7623820387104	9.16037568743582	9.6988782658369	9.56033283421244	9.92407018558534	9.78488018099573
G11	9.05419729438881	8.78135971352466	8.90959311598834	8.87313646883346	8.7367401554532	8.54959216744175	8.6499746511581	9.07387377650238	8.58345891013077	8.77741971551583	8.91647664443772	8.74517009086102	8.71664800788143	8.60214209069798	9.05120894091477	8.44584255388934	8.66817586897014	8.77445763956529	9.2749604721406	8.87620995751375
G12	10.1651582453839	11.1021069384113	9.73216742566338	10.1268335095626	10.1645298665069	9.90237511448603	10.072534599723	10.5635776349049	10.9341331315823	9.67277890037074	10.3264294871223	11.2571520889474	9.8369971089196	10.5474729648907	9.65910396347366	9.2045711442492	10.8600782182123	10.2285782212827	10.8744435016546	10.5889019864092
G13	8.17467605968824	10.1011878152597	8.14542271960022	8.83541884047548	7.79863380155554	7.25738784269265	6.82718389581953	8.35469016870116	7.72451385311995	6.86727873970966	9.5031300561522	7.70701394843505	7.87375169060862	8.33739890252674	8.4520352735462	5.7292808460274	7.22062016744785	8.08401109845503	8.31038556769876	8.58383495471543
G14	9.29714555193039	9.85486838326024	9.66515823444083	9.41002727888457	10.1303131455435	9.80960737378898	9.8219333869805	10.2441259432837	10.0552824355012	10.0742752872543	9.4718783965684	9.8786640428019	9.69383539248252	10.1221809012598	9.78119576159075	9.98441845880114	9.83146559900125	10.1647812509022	9.84862294042934	9.45697038112101
G15	8.36018867006271	8.98811658476014	8.50898318485542	8.2460279805281	8.54341854992942	8.43754402631547	7.86727873970966	7.28540221886225	8.34961297182452	8.64565843240871	8.35974956032233	8.23457795978457	8.16037568743582	8.67030217007852	8.25219234012239	7.40002551791402	7.91528186586766	7.99604972751976	8.12153351734003	7.34872815423108
G16	7.24982454861618	8.43379405875492	8.63807383718072	7.990954860397	8.71046207397916	8.02014657311178	8.79571500650173	8.39917109381982	8.23792694662626	8.01010845347429	7.80413102118332	8.13391281423904	7.90568784852686	8.60288440871842	8.73335434061383	8.47004872601133	8.56224242422107	7.45450493755737	7.5298209465287	7.74214098549815
G17	10.8000100714444	11.0922285843868	11.0409745988173	10.9869086246977	10.5339137011626	10.5494959075558	10.1979538276101	11.3406846543634	11.1057775865655	10.4965542248298	11.0590740146636	10.7689286427944	10.3466245349814	11.0695840278198	10.7322522376937	10.2231570402689	10.5800700907811	10.6465587101545	10.9848456497555	10.9233274854192
G18	8.6375305515253	8.26772305162742	8.83652380965103	8.67047922046114	8.2531383696913	8.33158878453407	7.58044701959866	8.64295422348033	8.88432317717332	8.35160182951378	8.93649071771147	8.39596248909992	8.61783475018439	8.97154355395077	8.84219317853094	7.5702352149746	8.25029841790633	7.74617838097141	8.42647443351082	8.62296694479051
G19	11.8499914431793	11.8951586961134	12.0242046921198	11.7444975057482	12.0540276673365	11.9054998286857	11.8645730817736	10.8294056244043	10.7688459597534	11.625160880138	11.5344487983768	11.5873556139883	11.8585638629724	11.906853024936	11.4997960694054	10.845568456153	11.7225087172296	11.6839595677832	12.1038451056614	11.2806547931989
G20	13.9211900902045	13.930386229194	13.7093854197695	13.6084858564953	13.5769212462261	12.9699800268807	12.7042278838969	13.5711482343331	13.3139742044034	13.2509497341411	13.4905375402838	13.4413102119815	13.3145549225388	13.5905168782162	13.3304687665903	12.3139033691245	13.4868852888072	13.010982591624	13.5281244119055	13.097340845405
G21	13.5587794290405	12.7383245249604	13.3860376052073	13.2693166487681	13.232765669711	12.8876204623224	13.1640426845559	12.6581668442196	12.7535301627812	12.9177636576112	13.2910987354839	13.2622857431178	13.2611252823423	13.2436946643214	13.0577717829705	13.5351416975381	13.0470216380465	13.1737395892824	13.1514447159591	12.8617072865859
G22	12.002744707118	12.6757806535735	12.8349252772926	12.7029951161407	12.752777855719	12.7669636392449	12.693878940939	12.5493033685136	13.0229399223694	12.7955120929526	12.6363527302817	12.8634700372831	12.6101251385515	12.8332656670873	12.714395790573	12.7466822618919	12.8429788317883	12.1504137039514	12.3930149860874	12.6048080178419
G23	14.3287029732264	13.8688997021797	14.5037015336962	14.5995758331423	14.1631543327738	13.7347202033373	14.350780376932	14.4966228777848	14.2656956171705	13.6792491618471	14.1783614050186	14.0684592109809	14.4341264807232	14.3956144614578	13.916989722087	14.1545333385065	13.6994423185811	14.5344670368295	14.6386791333196	13.5446384859473
G24	14.3545662110375	13.940992568603	14.4506699997271	14.4928671348242	14.2715140932693	14.0400328080091	14.5446807424702	14.6640972352004	14.9928940918956	13.9074822046786	14.2270367637955	14.6862871273501	14.3584108232598	14.6730716253471	13.7914579920915	14.479925486	14.084750267013	14.289248032178	14.35258833487	13.6232413692356
G25	13.8068617291103	13.4215389068483	14.4386294363037	14.1558696908435	14.0308653897488	13.669028980731	14.1704493232957	13.2878133646679	13.673143416743	13.6751190388253	14.1509610251522	13.3357253069164	14.0739908953484	13.9694764621198	13.4837276210681	14.0020941911089	13.4499739858104	13.5485570369252	14.2827626678061	13.1929400324318
G26	14.354476679434	14.0672830916968	14.1954183482973	14.1828986498169	14.2391584341764	14.0074740966651	14.1956567194135	13.080167968814	13.3079692068057	13.6842883921635	14.0192779715461	13.8273030037693	14.2541428468557	14.6988511423597	13.5449765034804	13.8120268497716	13.7287177145394	14.3448922835463	14.8017437186557	13.5414717641055
G27	15.4880566478656	15.0460198212185	15.3656389582345	15.4839920734979	15.310279048835	14.8925902479783	15.2889165272469	16.4950133550125	16.4416603570751	15.2404000524037	15.3339449817521	16.1052619656459	15.2339566456931	15.4570088702661	14.7872394037645	15.2647064837211	15.219524006585	15.3425400232533	15.2697220771692	15.4616904643724
G28	13.7021402113722	14.1836198752093	13.9471163781153	13.6336991114453	13.9922037055344	13.5385648375668	13.7921497223797	13.5741559223162	13.2882316563	13.6103097296806	13.8680508537452	13.9506561313462	14.1377116390155	14.0337155030823	13.4092848517198	12.7895336449704	13.3299364533124	13.8710677850093	14.1430882030791	13.1002188194933
G29	13.0382502850702	12.7953497415622	12.595933440653	12.4787443442887	12.795816452575	12.6889496281197	12.7932171842917	12.6300623115086	12.8145023584607	12.5895575227735	12.5794338000073	12.7187683115379	12.9446022627223	12.7900633509775	12.405646743481	13.064776440712	12.5027323730015	12.9685588029979	13.0183914588691	11.8080793079898
G30	13.6033365715422	13.5057123280149	13.6462436768438	13.6611991224904	13.4930423285182	13.3950119074495	13.6138239893077	13.8654626435069	13.9336998745997	12.9065148448469	13.4731222633943	12.7639177701589	13.7589830949576	13.498313206087	13.1109073776413	12.9612868936461	13.0720153343607	13.2820314176223	13.9395883964077	12.5456884955602
G31	14.8946614755088	14.7122367986821	14.9867220112748	14.5501816191399	14.4431507647293	14.4507666417751	15.1512147848136	15.7251452137765	15.8290190514961	14.5721672876437	14.8196502231341	14.9817322691196	15.0960685966118	14.9409329420179	14.0481036710929	14.8065747944185	14.1446741735637	14.5144983240385	15.1319975908044	14.1964330748055
G32	13.379121106844	13.0578056220436	13.0991669690165	13.1228118210058	13.6191195114532	13.1783847492837	13.0745596231105	13.1539478002457	13.4407653728671	13.3131806505494	13.1519995712361	13.4088737009053	13.2615220005228	13.0460837877627	13.1386717821651	13.5349107681253	13.1877077539014	13.5425361713104	13.1383838063088	12.7389999934104
G33	7.70043971814109	5.16188768237689	4.56071495447448	5.04001567884788	6.68650052718322	6.90086680798075	8.60733031374961	8.55612281784117	7.82273014794452	4.70597790168252	6.877744249949	7.48139582415413	6.39059890555246	4.33628338786443	6.48864353985378	7.05419729438881	6.36806987653208	6.876516946565	7.27239650903748	6.9188632372746
G34	13.9358786681892	13.5008294338939	13.9342068644952	13.8340710140432	13.4192821098166	13.2489949026466	13.8182176632114	14.4236247828165	14.5273487119252	12.9924692778495	13.7879943569189	13.5394435892282	14.0366587230666	14.1126105478834	13.0667871541077	13.6118144198153	13.2181999436947	13.5365264983	14.1251995366579	13.0583046561987
G35	11.8454116414745	12.050256801599	11.3902764555513	11.3503314867529	11.568478696338	11.3818673588704	11.2079294455117	10.16691625157	10.3839202486216	11.4656174185836	11.3297963382207	11.7113228192114	11.6049238160425	11.5854789982759	10.7221244369139	11.0617761975867	11.3601337886536	11.7509162999781	12.0239622194536	10.8976185993275
G36	13.3692292648783	13.4993476328766	13.3907466710541	13.3814888761442	13.5792452155015	13.2146075095442	13.7680912580182	13.2180485448174	12.8833687991429	13.1792093376169	13.2323909456708	13.7512511388298	13.7024973851023	13.6511750506859	13.1736927498016	13.5583967957123	13.0587189771225	13.6977494983314	14.0471324346257	12.7356194841745
G37	11.8359516991247	11.4204076598241	11.5747354247894	11.8755765862148	11.8542450542201	12.0290801266917	12.062720767165	11.8533095554037	11.8986769587636	11.9794787862767	11.4730715143075	11.832712039161	11.8503040616244	11.419143823816	11.9445107577375	12.5166110893111	12.1648283806002	11.9715615156796	11.378647086305	11.7129783093993
G38	13.3292357417338	12.6928334150008	12.9856640790187	13.1252681603974	13.2975754756576	12.8299010792184	12.9239773689712	13.1231837725824	13.0713785604573	12.9514304343793	12.9026200654186	12.7339474321087	13.5182597291531	12.4563800856102	12.8934153035857	13.0582623718625	13.0921625012023	13.2397775125681	12.928666412305	12.4109812670438
G39	12.2583599198756	11.7537181782662	12.1673867825552	12.0398443760489	11.4229582873663	11.0600879264636	11.4686749486904	11.6023741061117	12.1804064853106	11.5730790854813	12.3600514626253	11.5824713264932	11.9924427228178	11.878319189199	11.6634691560351	11.9570294695639	11.4231684472473	11.7102037502372	11.8428610110714	11.2863267270905
G40	10.4762905440817	11.0487933630437	11.1127652818853	10.6461986664689	10.0802179452595	11.0239275771744	11.5649830392051	11.1512068554997	10.9814959302355	10.7233196396909	11.142458112938	10.6890370191632	11.0708253444829	10.9230674500063	11.3427691729184	10.2986926781279	11.4298774499003	10.6380738371807	10.852100304261	11.0396045179538
G41	10.4482195726541	9.86897684545916	10.4212232992251	10.3807857161141	10.7375853690464	10.6300850700021	10.3360601813906	10.0099685422061	10.3882325968956	10.7516277396692	10.1415962783838	10.1539319715885	10.4928546201747	10.1488578608769	10.6640916781767	11.3491706308611	10.3288992792514	10.8182626083045	9.88417051910844	10.4071615235848
G42	9.8589134706793	9.51214785854752	9.67101024127845	9.41002727888457	9.51569983828404	9.81698362325538	9.79668859446415	9.12282799480767	9.0251395622785	9.76752238622854	9.40514146313634	9.77709089613187	9.83888875478618	10.3148097981441	9.31718646829205	9.45224124043082	9.3264294871223	9.38370429247405	10.186361891253	9.50700173276412
G43	11.0198686775045	11.0195212327033	11.2156543314846	11.097505455818	10.7894521344734	11.0894504811159	10.7927089675984	10.5888083140369	10.6161812313319	11.059276854037	11.1835733554176	10.9431008475708	11.0862025848185	10.9787104591064	11.0898476806892	11.0799513842091	10.869362499994	10.880501871128	10.8354188404755	10.5736471874933
G44	11.5013396180614	11.3640251899266	11.3728106588214	11.1889596708066	11.2553236900081	11.2514824106202	11.2446016877368	11.0060455077265	10.9383299049279	11.5650544638769	11.3660489506706	11.5314301993904	11.6308131522991	11.3551858928778	11.072936483297	10.3139033691245	11.1851232073606	11.1380797694191	11.7581815658853	11.222734537796
G45	9.96809075204526	9.97928227641106	9.83778559614527	9.69766263347052	9.66106547980695	9.49225378930292	9.0842769105315	10.1760484509752	10.1894539560503	10.0136018326835	9.79879578382045	9.88828662758067	9.98085360637974	9.89269459141497	9.43254190038826	9.77807712953536	9.86372168308213	10.1938949190673	9.7821791938312	9.35996913189887
G46	12.6387978999517	12.6031163047922	12.8169036490299	12.5235129506377	12.3034953767904	12.1739269319998	11.9555409385309	12.9803359707742	12.9649544964266	12.1099285714337	12.3626561751525	12.7082864040986	12.6147098441152	12.7539479416999	12.2500911192436	12.0651804909514	11.9333955951208	12.4465405633483	12.8616297535996	12.3184015836206
G47	10.4682167320624	9.91303898563011	10.5867459815935	10.6763097270007	10.8149028512154	10.9584077136679	10.8612420261548	11.0525680508042	10.7326762230733	10.5183580958419	10.4746185589133	9.675604252639	10.7806217830509	9.84705734609134	10.8112141175132	11.0849412265357	10.5676709296411	11.0850740530368	10.1480952026878	10.4718783965684
G48	11.1136445073937	11.6415550603533	11.6103097296806	11.360984215974	11.4565854331833	11.4485809498111	11.3460427304883	11.3893624556439	11.6144798042453	11.7019128729494	11.4919282347397	11.4318109724758	11.4858544600698	11.4109017921203	11.5552122221535	11.5194642591907	11.5742387226367	11.044769772281	11.4092318065854	11.2489356239598
G49	11.5385769619205	11.0496443800457	11.1579153109253	11.3850265167902	11.2407317154326	11.2684250360907	10.9265183869467	11.3372595103546	11.1452316383822	10.9106802025814	11.0385418096338	11.061438701377	11.0271803208972	11.1375035237499	11.1045987535644	10.4567650883365	11.1620136104563	11.2467405984931	11.3673601440423	10.8659265450219
G50	14.9804430830351	14.5288264577578	14.9306495684812	14.9305479344522	14.8480605005158	14.4998085239861	15.0623624095525	15.4358720678785	15.8111990625972	14.5827300447007	14.6911982623369	15.0604510715122	14.9443551859424	14.8547077070063	14.2119415127112	15.0588753734729	14.7104620739792	14.7254088649168	14.9195756528413	14.4760183452329
G51	14.88252842391	14.619262829042	15.1453351438502	15.0181610502228	15.1615767503585	14.6888950060292	15.0940859352769	15.4214534366009	15.6449800396622	14.7422567973887	14.9155479764253	14.9234017726436	15.2244765635657	15.1607695887431	14.4688976403272	15.2777378087252	14.5651258850127	15.1362221531702	15.0928768651077	14.2620948453702
G52	13.6429993351903	12.9456632966183	13.7530286683309	13.7841133691861	13.5803763529463	13.7071002520896	14.0731708636929	14.0641617306417	14.6683864239538	13.4783651633361	13.9418179142842	13.8230288198975	13.9770562741217	13.3661855889281	13.5222137001117	13.9263886623497	13.6558213794844	13.8848096669779	13.549146911619	13.7073375605225
G53	10.977136791892	10.8692853773339	11.183759425585	10.9423678825391	11.2231570402689	10.9573197356563	11.0833463539191	10.317073382261	10.1206266915313	11.4139452024281	11.0724676082419	11.0792847660285	11.2237000759863	10.8924669232773	11.1553242290506	11.8094867958418	11.175237650291	11.2065870629542	11.0509369652252	11.1357734044592
G54	9.47289387844386	9.65320336203398	9.7734689279052	9.71183901995903	9.5922701475676	9.76818432477693	9.71149490665009	9.38930867290642	9.68106267695319	9.69783635796238	9.51293794347466	8.89784545600551	9.54978466794786	9.62461270900574	9.64907650318607	9.89132804336058	9.77939105953591	10.0043609361144	9.69627208392586	9.12231034319074
G55	9.90726624853107	9.9150577346887	10.1547548315661	9.95688431461453	9.55420510515565	10.1985678187845	10.0853396693574	9.82408363253347	9.67613339074906	10.0977029635247	9.5461227588578	9.96888274934274	9.57553924683453	9.90342999156715	10.1877850641908	9.96405201104085	10.1972781353724	10.12153351734	9.43723190103948	9.90861778973202
G56	10.6575864175802	10.7669429407558	10.6859751784947	10.9618114080872	10.8528415784171	11.0696511533306	11.0095487269723	10.6297208910173	10.5841169238438	10.8475272028097	10.7077904955288	10.4284648637563	10.8748276978277	10.2521923401224	10.8847810544713	11.3951056546035	10.8465873363003	11.4304525516655	10.6455683737276	10.607422791237
G57	10.9071159990995	10.8650759449303	10.7844303674846	10.9868730811448	11.1037139962631	11.1414366228785	10.9031663445984	10.7094715816807	10.651006830561	11.6009814536055	10.8869920817866	11.5054394215825	11.0628219343781	10.9618837399435	10.9046722501561	11.1345867533644	10.9852727142534	11.1004323829452	11.2338293555684	10.8876014245087
G58	13.0402212153612	13.0216219966439	13.2459537292432	13.2421320576824	13.3372176900766	12.8395384356311	13.3486728351091	13.1757054755259	13.4697308383407	12.9523590497961	12.9353308247492	12.8787789756871	13.1436542519202	13.0689126008793	12.523684462323	13.1434469922017	12.8181827049486	13.1431599680423	13.5749837117523	12.2449881146217
G59	10.640561282028	10.4725385410875	10.4265792614884	10.3585413189445	10.1172534821652	10.6909582840294	10.3946234614742	9.6084396525516	9.4463596303584	9.7567230984379	10.2129218961957	10.4250060414849	10.5096760506563	10.5293817476697	10.3919953566895	9.41394520242813	10.0950013483262	9.9937168133106	10.7267290588385	10.526450333391
G60	14.1302246477506	13.2329005465425	14.1578284902604	14.2092477303764	14.3147673220034	14.3499930002624	14.1917917917045	14.8660859767224	14.9403686607914	13.7342438864487	13.986233147405	14.1399669626425	14.3197638386669	13.8300199630597	13.8340957108323	14.4374074798162	14.064911136699	14.2625720423857	13.3705103280065	14.5240764124834
G61	13.9698631435828	14.3091850000703	14.0264629255189	14.2517338839409	14.5156875201386	13.9764835736768	14.6129260749671	14.2893921410009	14.504372109917	13.9675775216809	13.967559510282	14.268037524402	14.5695589711261	14.3068306938807	13.4206313487745	14.5363807923783	13.9213016848086	14.0800763408339	14.4992043529384	13.4218150068929
G62	13.5625405694702	13.5507347628745	14.0927158544133	14.0422578690186	14.1131398323346	13.8987336346856	14.235864651082	14.5509451423146	14.4721894638306	13.6753285829918	13.7808883014867	14.0191476361944	14.2963426846929	13.9746655338167	13.6537183903417	14.2985852923997	13.9098743376108	13.9486227470454	14.0603835165635	13.5679085550333
G63	12.3612447304779	11.7746017700865	12.0458790848372	12.1604702335584	11.9975676294388	11.8499132779823	11.9342990253375	11.4792750302502	10.8809609626325	11.7952482626648	12.2549400219884	12.1039106558927	11.9623899614223	12.1493343175929	11.8679350629797	11.8474293286116	11.9897315387531	12.2476160427773	12.3735992768362	11.2667865406949
G64	12.3173843475193	12.2982917306201	12.6652803936783	12.6721490641712	12.656111977267	12.3890531775193	12.3209274418093	11.8313864235744	12.0901785968181	12.9141047885251	12.4980264264089	12.7012198110057	12.7547518256773	12.2268486684525	12.5544689418541	13.3361438878652	12.6051322293842	12.7113658429955	11.7196027278356	12.5076212289309
G65	14.3926997829004	13.9799431577656	14.4822092300042	14.4572013005906	14.383177763895	14.11761875327	14.429648652506	14.6184772738334	15.0719189984596	14.3528986341322	14.1658883919712	14.5000513668226	14.4129468775848	14.6210788623355	14.0521774378311	14.4630645175761	13.9483033456479	14.4961110225975	14.7890343208803	13.7217827684598
G66	13.9004517470918	13.7025785486193	13.8735258193424	13.6792876540241	13.9227887886147	13.5570807191053	14.0055631491441	13.1320578566921	13.6668286982103	13.6533209390386	13.6704515577711	14.2826613285193	13.9179221233118	13.6246012865587	13.3594681853934	14.1648755087587	13.5829769597168	13.7021672730841	13.9680232321645	13.1205051983532
G67	13.7238209032061	13.0298393490725	13.5063447762647	13.598889950949	13.5022848483846	13.5432614535019	13.87393428408	13.6959242370186	13.6070181584583	13.0716802252362	13.3220830635703	13.1425378863977	13.8412301698516	13.4501029026126	12.8949503578617	13.7634509977246	13.0373753577632	13.7556908629247	13.7323582457207	13.0613205590487
G68	13.4266906328693	13.2799369785443	13.5505604252378	13.4766955821727	13.4977894784527	13.0051508239781	13.4984628076399	13.8504701126243	14.12453331307	12.7792884518361	13.3260151022296	13.1948722531004	13.565542437851	13.3756503832614	12.7600545744383	12.2960414942509	12.9560039999382	13.0978017072392	13.881768800175	12.7908270076394
G69	11.3282822274913	11.113546842127	11.0938136734027	11.3498340914572	10.7736337602437	11.3174691445946	11.2691851340041	11.4170085867888	11.0819493926176	11.2321810576866	11.1542485117396	11.3141300297756	11.6505581476437	10.6534720953943	11.3022390716564	11.6045068990146	11.5292841297631	11.4297205641685	10.642051692928	10.9703216314656
G70	15.0212684664156	14.7621769778866	15.1934425818044	15.1648990722606	14.9581244650629	14.7841798423427	15.2633572384741	15.6207438988133	15.7789023249691	14.8905754148497	14.99039430007	15.4071283217741	15.1808435075951	14.9929980637783	14.5250344047896	15.2820296071372	14.730552395629	15.1297740293471	15.057226018301	14.5614401075718
G71	7.38887833881199	8.319672120947	8.5511314527741	8.28123458464702	8.211888294546	8.03562390973072	8.1405741777099	8.39746072605472	7.65463602852797	8.62205181945638	7.9442728176116	7.09697863637054	8.57969306345875	7.76553474636298	7.65535182861255	8.4241662888181	8.19524915780218	8.71973105674985	8.03342300153745	9.0533829025857
G72	10.8363660087167	10.7655761834701	10.9874772024836	10.9710045980734	11.3745776515835	11.3557915467536	11.1411491984375	10.8494441978446	10.7506651198299	11.0540615943425	10.6694165920992	10.9918052553765	11.1462186190394	10.9311068330293	11.3617245025074	11.5458091373666	11.1139374635304	11.5796930634588	10.5061587908524	10.7083941877567
G73	10.2971455519304	10.4336897537235	10.2110365368115	10.5032294598137	10.2201364473961	10.3869402453243	10.7356829416461	10.2333200827308	10.6863254322087	10.4268936997273	10.3754739126153	10.2259906426726	10.4527560290325	10.2354159356025	10.5365872047579	10.5327942197906	10.4835638881251	10.3282261187877	10.2410893788609	10.1761731491075
G74	10.7726444836054	11.5088099163999	11.457791260256	11.8770348425082	11.829028964916	11.5060595888279	11.2257798214148	11.569428431431	12.0277159739334	11.9193475318973	11.4338983562457	11.3052922748524	11.7181689456652	11.7919768208987	11.7842667641572	11.2312511865356	11.2425489183014	11.3721848964864	10.7187469099011	11.399384747288
G75	13.4650816839664	13.330342710142	13.3389313281915	13.645219343229	13.5717289459528	13.4336245592492	13.04761813459	13.5311986750726	13.7104513114133	13.3236318355507	13.3469568893789	12.9925666421176	13.5379342307217	13.1377916753552	13.1542326863814	13.5572363180048	13.5412660494482	13.6123732343958	12.821275727764	13.2111278206257
G76	5.40599235967584	5.4262647547021	6.08958289312471	6.22881869049588	6.70182625841205	6.10852445677817	6.49345520092618	6.85299758761332	7.3371758685863	5.75488750216347	6.81378119121704	6.22303633790187	5.66391384211598	5.84297883178833	5.61765111942733	6.94953493301701	5.24412594328373	5.48220292629596	6.11894107272351	7.5077946401987
G77	11.4273652286248	11.8082804617722	12.270295326472	11.621410886162	11.8978454560055	11.4372319010395	10.834866038362	11.0529076283133	10.5862768582385	11.8948177633079	11.273387671383	11.7244285849358	11.5877306443829	12.4357483831015	11.612177385881	10.2223119115543	11.4908508767403	11.897542972507	11.3486175138659	11.831030080372
G78	9.63562743897454	10.7151469204077	8.44128427192704	9.3654475885501	11.3792971319553	9.19549524650911	9.2805388069432	10.6425030287805	10.5275747463159	11.0344550953272	9.66746640495737	10.8163037009857	10.5692860110185	11.0889207115181	10.3626561751525	8.96679381789529	11.7811752662889	10.0513449095347	10.2144405546665	9.71106464955916
G79	12.5795752222112	12.2900764613988	12.4769992861331	12.7555343991559	13.0181827884596	13.0556891530834	13.1470936015855	12.8645730817736	12.5757992110496	12.9630224885863	12.6918307411441	12.7736955675156	12.7333755266519	12.115563915238	12.8241234216875	12.9995596572194	12.8404632338695	12.8008998999203	12.1008922584175	13.2748294708807
G80	7.87713072876566	7.33985000288462	7.85860271245712	8.39360496863922	8.7387678368002	7.93310047493137	8.35931031689044	8.54109661534952	7.38715571766298	7.9436869515971	9.10302547637368	8.25974326369078	9.16992500144231	7.90989308377004	8.37851162325373	7.952450058359	8.14873077917319	8.1962332608696	8.96173907260414	9.77379857375169
G81	9.92925840863697	10.0291491634205	10.5304063370991	10.3812184705353	10.2526654324502	10.1203674937152	10.1957412932464	11.4918030018822	11.3172430079837	10.558133676419	10.5967488319278	10.9340593949008	10.4592266758085	10.7701683201034	10.5321610849832	10.3365065598103	10.4598414169758	10.1021069384113	10.2067701886868	10.9831361264499
G82	11.3939802865002	11.0893842705539	11.0432323915314	11.2225534274234	11.2494690444768	11.8299605223636	11.6125460198326	11.0220209696464	10.5695708377854	11.3095900369144	11.4188013442794	10.9462483607682	11.7784057242392	10.261859859615	11.4986497877684	11.796526375423	11.5795987912307	11.3390705589351	10.5940446229994	11.8527635674921
G83	10.8692853773339	10.8648825567662	11.0955288901699	11.1477137223522	10.9719027460455	10.8133002127025	10.1387837572538	10.921989660856	10.8108929118922	10.8662743732926	10.9333955951208	10.9108675485426	10.7772553151919	11.0450770519349	11.1297981731871	9.78512547472086	11.030322282644	10.5560269927247	10.8787406657427	11.1407019799017
G84	13.0836289077727	12.7677913353941	12.9736256243405	12.9938936813662	12.682775179067	12.9177450134432	12.4348366945168	12.0904432750816	12.7963641381396	12.9569206047211	12.668441828053	12.8885149563049	13.2554712274671	12.6995073874015	12.9227516296954	12.9632754218222	12.9048415662076	12.9094806119885	12.694575537526	12.4392595093155
G85	10.990316735046	11.0915015028214	10.9938583094897	10.8721361735572	11.1072170755914	10.9956964980684	10.3605179146819	10.2276159434142	10.3937122122773	11.1080670081169	10.9756330520433	10.2309811116465	11.2183816013778	10.7736337602437	10.9777807723301	10.5363443635984	11.1628318751553	11.1241213118292	10.7613018972408	10.5740257979248
G86	10.6434503747241	10.7856159370886	10.9638353305166	11.2058543274878	10.8754038003181	10.4069490187912	10.8823373612495	11.2414469536415	11.178415874383	10.5389164024641	10.9624984143478	10.5694759017777	10.9865175974448	10.951758249253	10.9606174085871	10.0812836972196	10.4265268484517	10.9621368728861	10.9395057554669	10.8227301479445
G87	13.4449889723394	13.2527836812959	13.3090926073191	13.4310012986652	13.2754407083481	13.2442002886966	13.5615385570486	13.849395326558	13.5422943295307	13.6090632809741	13.3502485994448	13.6105289009747	13.4394802945353	13.5688230475554	13.3237303375213	14.1751362681585	13.4551345398314	13.6520606864695	13.2435012905136	13.1445626547465
G88	11.5448195766175	11.6446224180038	11.7471439981867	11.7797193551434	11.5918495572024	10.7672740809514	11.3487834712319	11.8102502860282	11.7716545281405	11.0351427478859	11.3392376180928	11.9421845830812	11.4041836042713	11.7163479153081	11.5500733705551	10.4360868636079	10.8112141175132	11.1709265252874	11.6607981572947	11.024931865701
G89	10.7832028900644	10.9994715725327	10.6664015543437	11.0825482559598	10.5680035942324	10.3365065598103	10.1378236886479	10.4218544454434	10.6363074102559	10.4532706340106	10.5498809085697	10.9000365667561	10.7608862427849	10.2680155866652	10.5858075822884	10.3175256732094	10.5133821761746	10.5228757286608	10.2652634126425	10.6633802023685
G90	11.3528158941878	11.9789249171561	11.8883246848776	12.0806176945114	12.0206674831422	12.2179274142751	12.0686103567793	11.8191811789596	11.7870455006848	12.3529537914591	12.1728337563718	11.609455797652	12.1143279791984	12.089185620634	12.1243475231546	12.290969191529	12.0228879218033	11.9555772624446	11.3711776654677	11.6782920261123
G91	12.8119967567401	12.0628387948906	12.6888403818705	12.6300736908002	12.5984131288451	12.6306425409752	12.3541391642103	12.7494295142845	12.7869842627185	12.2320761022427	12.8520417663924	12.116733826134	12.6058382952235	12.2277964194115	12.4289751238708	12.8854771310872	12.4479743008775	12.6995507649847	12.4459071985839	12.1161652379441
G92	12.3687928986141	12.1372153145802	12.1170423944768	12.5252026764039	12.5154534553886	12.1014012353291	12.1366547429875	12.2070143201775	12.0752952910926	12.2584040896434	12.2540394770801	12.6089824554584	12.4535021463785	11.9647920907157	12.8018598945545	11.4705063612383	11.9441995973694	12.6649027771509	12.4133370337634	12.3822322303438
G93	11.8145824659063	12.5904700951875	12.3341056502731	12.4173778660772	11.9043335584281	11.9397261207901	12.0416933707532	12.3212798636147	12.8837506261197	12.0849080179996	12.1889287723553	11.8471356661717	12.2761244052742	11.8883246848776	12.2283677778368	12.1012863207533	12.3391819338563	12.0751114092631	12.1117551395213	11.9404237223352
G94	11.295137545465	12.0575856538798	11.1681706599969	11.5423064225826	10.8704417845678	11.8241234216875	11.5480512380126	11.2870197196782	9.8702105772636	11.4687767548467	11.8285332104556	12.0935826230279	11.0016193050496	10.881037463682	11.1149786038333	10.9623899614223	12.2469780596147	11.684047261613	11.2696526875965	11.7537599561577
G95	15.5892444242581	15.091398194462	15.4444196372725	15.5081816437475	15.6771497834724	15.0805177675821	15.428589174514	16.1502391520773	15.9824521951911	15.3551858928778	15.4358818320145	16.0137239478751	15.3945698745101	15.626085446883	15.0599147669906	15.5270401483628	15.3417794021389	15.5065307377038	15.3084954653235	15.2647431303893
G96	14.535888926221	14.0036408837951	14.422886037836	14.412153013907	14.1355810408453	14.1405182606907	13.7233409736015	14.0875208528671	13.7705813092686	14.0438304565105	14.2149641211585	14.4338462084428	14.1286871381388	14.0007306724124	13.9257491349353	13.5434306335615	14.0394845739502	14.2205672684659	14.004141446047	14.2260358146486
G97	7.14414836650889	6.40087943628218	6.94953493301701	5.64529816394863	6.3983161634002	6.2667865406949	6.9086928382425	7.57213175138666	6.09803208296053	6.35402893805439	7.05799172275918	7.41193462479118	7.02070220379105	6.84549005094437	6.19672506078603	5.24031432933371	6.34251918966061	5.98641093525204	7.49385544924082	7.90418300324503
G98	12.0930873904442	12.827461799074	13.0982130666519	12.9073038084441	12.7273887030401	12.76673593953	12.7423304910244	13.2833777892856	13.2429507769991	12.8833497051411	12.9920177758218	12.9511571984064	12.7283244546805	13.0639511532716	12.7329093619312	12.3569745911443	12.8664289367212	12.1115921470747	12.402106059129	12.9154686152551
G99	13.1702850041125	13.0293735099766	13.2071668813833	13.5717881890998	13.1235071308052	12.8542840201762	12.9334140381283	12.4809163935333	12.5826359707206	13.2707333252734	13.289240826359	13.2650875635768	13.2828567621991	13.2642666510782	13.2535372899319	13.7328669758501	13.2859078827027	13.2846506194491	13.1895775009051	13.0154498996721
G100	11.1687974554366	10.7351328841399	10.8120168188308	10.7167337371527	10.5481475943353	10.2068922595961	9.98285100885192	8.90207357931074	9.44584255388934	10.4281507678065	10.71269894431	10.413310585831	11.0377528424635	10.2609195336629	10.7857793874985	9.77528104866297	10.4456356713994	10.3035524555837	10.9709686605218	10.6652470785484
